#1

5 7
1 2 4 5 6
2 1 3
3 1 3 7
4 2 4 6
5 1 7

5 7
0 1 0 1 1 1 0
1 0 1 0 0 0 0
1 0 1 0 0 0 1
0 1 0 1 0 1 0
1 0 0 0 0 0 1

#2

5 7
1 1 5 6 7 
2 2 3 4 5 
3 3 4 5 6 
4 1 2 3 4 
5 2 4 5 6 

5 7
1 0 0 0 1 1 1
0 1 1 1 1 0 0
0 0 1 1 1 1 0
1 1 1 1 0 0 0
0 1 0 1 1 1 0

#3

5 18
1 1 2 3 5 6 8 11 12 13 14 16 17 
2 1 3 4 6 7 8 10 11 12 13 15 18 
3 4 7 10 15 18 
4 1 2 3 5 6 8 11 12 13 14 16 17 
5 4 9 10 15 18 

5 18
1 1 1 0 1 1 0 1 0 0 1 1 1 1 0 1 1 0
1 0 1 1 0 1 1 1 0 1 1 1 1 0 1 0 0 1
0 0 0 1 0 0 1 0 0 1 0 0 0 0 1 0 0 1
1 1 1 0 1 1 0 1 0 0 1 1 1 1 0 1 1 0
0 0 0 1 0 0 0 0 1 1 0 0 0 0 1 0 0 1