30 50
1 1 5 6 8 18
2 2 3 9 17
3 2 4 6 8 11
4 1 7 18
5 1 2 3 7 10 11
6 5 9 13 14 15 16
7 4 9 12 13
8 5 7 12 13 14 15 16
9 1 2 3 6 17
10 4 6 7 9 10 11 18
11 1 4 7 18
12 3 7 8 14 15 16
13 1 5 6 9 17
14 19 20 21 23 25 26
15 20 22 24 25 27
16 19 21 22 23 26 27
17 20 23 24 25
18 28 30 34 36 37
19 28 29 31 33 34 38
20 28 29 32 35 36 37
21 30 31 32 33 36 38
22 30 32 34 35 37
23 29 31 33 35 38
24 39 42 44 48
25 41 42 45 49 50
26 43 46 49
27 40 41 44 47 49
28 39 43 45 47
29 39 40 41 45 48 50
30 39 40 42 44 46 48